51

..\img\DSCN9320.JPG -0.991579 0.0550898 -0.117199 0.034649 0.984871 0.169789 0.12478 0.164298 -0.978487 0.0301413 -0.0715631 0.102349 4769.78 4769.78 2304 1728
..\img\DSCN9321.JPG -0.986355 0.00603834 0.164523 0.0369355 0.981969 0.185397 -0.160437 0.188944 -0.968793 0.923805 -0.112521 0.574398 4762.83 4762.83 2304 1728
..\img\DSCN9319.JPG -0.991513 0.0551941 -0.11771 0.0347011 0.984915 0.169526 0.125291 0.164003 -0.978471 0.0228632 -0.0687306 0.100771 4767.28 4767.28 2304 1728
..\img\DSCN9322.JPG -0.986432 0.00591611 0.164066 0.0370482 0.981594 0.187353 -0.159938 0.190889 -0.968494 0.929825 -0.116977 0.572703 4766.88 4766.88 2304 1728
..\img\DSCN9324.JPG -0.885204 0.0509855 0.462401 0.138164 0.97794 0.156666 -0.444213 0.202569 -0.87272 1.5588 -0.38004 1.29852 4766.6 4766.6 2304 1728
..\img\DSCN9323.JPG -0.885076 0.0526644 0.462457 0.139782 0.977789 0.156172 -0.443961 0.202868 -0.872779 1.56076 -0.382575 1.2948 4765.97 4765.97 2304 1728
..\img\DSCN9356.JPG -0.906099 4.36507e-005 0.423066 0.0248259 0.998282 0.0530677 -0.422337 0.0585876 -0.904543 1.59056 -0.596625 1.82944 8864.2 8864.2 2304 1728
..\img\DSCN9355.JPG -0.906057 -0.000296193 0.423155 0.022684 0.998528 0.0492697 -0.422547 0.05424 -0.904717 1.58644 -0.58824 1.83179 8880.79 8880.79 2304 1728
..\img\DSCN9357.JPG -0.898463 0.021243 0.438534 0.047522 0.997666 0.0490347 -0.436469 0.0648959 -0.897376 1.61102 -0.641094 1.89295 8871.97 8871.97 2304 1728
..\img\DSCN9326.JPG -0.7725 0.0382335 0.633862 0.0192274 0.999136 -0.0368334 -0.634723 -0.0162663 -0.772568 2.25698 -0.795904 0.689321 4784.94 4784.94 2304 1728
..\img\DSCN9325.JPG -0.774458 0.0405807 0.631323 0.0215013 0.999052 -0.0378417 -0.63226 -0.0157326 -0.774596 2.25863 -0.800492 0.684174 4784.58 4784.58 2304 1728
..\img\DSCN9327.JPG -0.532643 0.0106639 0.846273 0.0198161 0.999804 -0.000126274 -0.846108 0.0167026 -0.532749 2.61741 -0.731994 1.306 4810.55 4810.55 2304 1728
..\img\DSCN9328.JPG -0.53329 0.00385515 0.845923 0.0165786 0.999845 0.00589491 -0.84577 0.0171679 -0.533272 2.62419 -0.718786 1.30204 4809.84 4809.84 2304 1728
..\img\DSCN9317.JPG -0.827246 -0.0149919 -0.56164 -0.0950276 0.988975 0.113568 0.553745 0.14732 -0.81955 -1.65792 -0.185248 0.753701 4799.4 4799.4 2304 1728
..\img\DSCN9318.JPG -0.827289 -0.0163165 -0.56154 -0.0956525 0.989073 0.112181 0.553574 0.146519 -0.81981 -1.65614 -0.184956 0.753368 4798.55 4798.55 2304 1728
..\img\DSCN9315.JPG -0.591827 -0.0551335 -0.804177 -0.175249 0.982595 0.0616072 0.786784 0.177392 -0.591189 -2.65308 -0.289215 0.878879 4802.46 4802.46 2304 1728
..\img\DSCN9316.JPG -0.592794 -0.0544654 -0.80351 -0.173035 0.983023 0.061024 0.786546 0.17521 -0.592155 -2.65523 -0.287021 0.876802 4803.35 4803.35 2304 1728
..\img\DSCN9348.JPG -0.501059 0.106349 -0.858853 0.187902 0.982115 0.0119888 0.844768 -0.155373 -0.512081 -2.82117 -0.743617 0.637043 4799.36 4799.36 2304 1728
..\img\DSCN9346.JPG -0.366965 -0.0199894 -0.93002 0.154111 0.984647 -0.0819723 0.91738 -0.173407 -0.35825 -2.88269 -0.943969 1.42029 4810.54 4810.54 2304 1728
..\img\DSCN9347.JPG -0.366904 -0.0288143 -0.929813 0.150834 0.984451 -0.0900265 0.917949 -0.173278 -0.356853 -2.86241 -0.973939 1.42712 4811.1 4811.1 2304 1728
..\img\DSCN9344.JPG 0.111218 -0.144317 -0.983262 0.00564506 0.989475 -0.14459 0.99378 0.0105304 0.110862 -3.1101 -1.2521 2.90249 4808.39 4808.39 2304 1728
..\img\DSCN9345.JPG 0.110193 -0.145331 -0.983228 0.00344807 0.989302 -0.145842 0.993904 0.0126806 0.109515 -3.1086 -1.25869 2.90161 4806.29 4806.29 2304 1728
..\img\DSCN9343.JPG 0.468998 -0.132133 -0.873259 -0.0375553 0.984868 -0.16919 0.8824 0.112145 0.456939 -2.94612 -1.27077 4.67521 4781.57 4781.57 2304 1728
..\img\DSCN9359.JPG 0.56965 -0.191539 -0.799257 -0.0350471 0.96592 -0.256457 0.82114 0.174103 0.543523 -2.74712 -1.50899 5.50815 8704.69 8704.69 2304 1728
..\img\DSCN9358.JPG 0.570417 -0.195049 -0.79786 -0.0319235 0.965395 -0.258829 0.820734 0.173111 0.544452 -2.73347 -1.51706 5.5191 8704.61 8704.61 2304 1728
..\img\DSCN9360.JPG 0.564838 -0.162275 -0.809089 -0.0601736 0.969764 -0.236509 0.823005 0.182275 0.537995 -2.81089 -1.48534 5.40004 8718.39 8718.39 2304 1728
..\img\DSCN9342.JPG 0.472044 -0.137592 -0.870772 -0.0414314 0.983191 -0.177816 0.880601 0.120014 0.458409 -2.92381 -1.32968 4.65792 4772.51 4772.51 2304 1728
..\img\DSCN9340.JPG 0.862382 0.0224315 -0.505761 -0.132353 0.974263 -0.182468 0.488651 0.224296 0.843156 -1.59309 -1.36426 5.52097 4777.11 4777.11 2304 1728
..\img\DSCN9341.JPG 0.863197 0.0202895 -0.504459 -0.129405 0.974704 -0.182226 0.488001 0.222576 0.843987 -1.59048 -1.36592 5.54301 4776.84 4776.84 2304 1728
..\img\DSCN9338.JPG 0.910783 0.0828061 -0.404497 -0.197168 0.947988 -0.249886 0.362767 0.307346 0.879738 -1.73094 -1.63965 5.55397 4765.99 4765.99 2304 1728
..\img\DSCN9339.JPG 0.915963 0.077575 -0.393692 -0.188051 0.949708 -0.250384 0.354469 0.303377 0.884485 -1.65856 -1.6459 5.58412 4765.98 4765.98 2304 1728
..\img\DSCN9365.JPG 0.985953 -0.105254 -0.129687 0.0879887 0.987291 -0.132345 0.141969 0.119075 0.982683 -0.785409 -1.10935 7.79092 9068.01 9068.01 2304 1728
..\img\DSCN9366.JPG 0.985746 -0.106153 -0.130525 0.0886753 0.987125 -0.133119 0.142976 0.119647 0.982468 -0.797111 -1.11449 7.79639 9084.13 9084.13 2304 1728
..\img\DSCN9361.JPG 0.990824 -0.0800873 -0.108873 0.0635039 0.986937 -0.148062 0.119309 0.13979 0.982967 -0.655299 -1.20917 7.88601 9069.86 9069.86 2304 1728
..\img\DSCN9363.JPG 0.986719 -0.102588 -0.125939 0.0851379 0.986922 -0.136881 0.138334 0.124341 0.982549 -0.754464 -1.14762 7.78609 9072.49 9072.49 2304 1728
..\img\DSCN9364.JPG 0.986202 -0.105101 -0.127904 0.0879677 0.987213 -0.132934 0.14024 0.119849 0.982837 -0.768716 -1.11521 7.79576 9088.95 9088.95 2304 1728
..\img\DSCN9336.JPG 0.992657 -0.120962 0.000628747 0.120602 0.989273 -0.0824313 0.00934903 0.0819019 0.996597 -0.0364899 -0.863014 5.71403 4751.71 4751.71 2304 1728
..\img\DSCN9337.JPG 0.992474 -0.122459 -4.16276e-008 0.122031 0.989001 -0.0835783 0.010235 0.0829493 0.996501 -0.0419405 -0.869907 5.71264 4756.86 4756.86 2304 1728
..\img\DSCN9335.JPG 0.978581 -0.0716681 0.192986 0.0968649 0.987485 -0.12446 -0.181651 0.140487 0.973276 0.511407 -1.14235 6.24725 4855.46 4855.46 2304 1728
..\img\DSCN9330.JPG 0.00571115 0.0407945 0.999151 0.123565 0.991481 -0.0411876 -0.99232 0.123695 0.000621726 3.16919 -0.588601 3.70033 4778.26 4778.26 2304 1728
..\img\DSCN9329.JPG 0.00592565 0.0433756 0.999041 0.122634 0.991486 -0.043775 -0.992434 0.122775 0.000555896 3.16505 -0.596895 3.70211 4768.94 4768.94 2304 1728
..\img\DSCN9333.JPG 0.879851 0.0460966 0.473009 0.0824144 0.965406 -0.247383 -0.468049 0.256643 0.845615 1.31686 -1.66348 6.12183 5087.95 5087.95 2304 1728
..\img\DSCN9354.JPG 0.693814 0.0433778 0.718846 0.131499 0.973771 -0.185681 -0.708046 0.223355 0.669913 2.13063 -1.3395 8.54789 10963.6 10963.6 2304 1728
..\img\DSCN9353.JPG 0.692413 0.0404981 0.720364 0.133359 0.974037 -0.182944 -0.70907 0.222739 0.669035 2.1474 -1.32908 8.608 11060.9 11060.9 2304 1728
..\img\DSCN9352.JPG 0.695184 0.0331625 0.718066 0.14302 0.972583 -0.183379 -0.70446 0.23018 0.671381 2.10981 -1.37189 8.57081 10972 10972 2304 1728
..\img\DSCN9351.JPG 0.69408 0.0314424 0.719211 0.144391 0.972664 -0.181869 -0.705269 0.230079 0.670567 2.11947 -1.37179 8.58326 10998.9 10998.9 2304 1728
..\img\DSCN9349.JPG 0.700792 -0.0199394 0.713087 0.180657 0.971984 -0.150364 -0.690111 0.234198 0.684761 2.15353 -1.19797 8.64636 11007.2 11007.2 2304 1728
..\img\DSCN9350.JPG 0.697302 -0.0209425 0.716472 0.180634 0.972446 -0.147377 -0.693644 0.232186 0.681871 2.17316 -1.17749 8.44983 10664.7 10664.7 2304 1728
..\img\DSCN9331.JPG 0.647423 -0.0089797 0.762078 0.192602 0.969401 -0.152202 -0.737393 0.245317 0.629342 2.43918 -1.15953 5.63762 4881.32 4881.32 2304 1728
..\img\DSCN9332.JPG 0.64847 -0.00628274 0.761214 0.190342 0.96954 -0.154148 -0.737059 0.244852 0.629914 2.428 -1.1593 5.63486 4876.47 4876.47 2304 1728
..\img\DSCN9334.JPG 0.880143 0.0435459 0.472707 0.083059 0.966296 -0.243665 -0.467385 0.253723 0.846862 1.30273 -1.62647 6.11095 5078.71 5078.71 2304 1728

-0.424309 1.24766 -0.14046 1.63489 -4.15704 -2.14561

0 19 2 1 3 13 14 4 6 5 9 10 7 8 16 15 11 12 17 18 19
1 16 3 2 0 5 4 6 10 9 7 8 11 12 13 14 16 15
2 19 0 1 3 13 14 6 4 5 9 10 8 7 16 15 11 12 17 19 18
3 16 1 2 0 5 4 6 10 9 7 8 11 12 13 14 16 15
4 16 5 6 1 3 10 9 7 8 11 12 0 2 13 14 16 15
5 14 4 6 3 1 9 10 7 8 11 12 0 2 13 14
6 14 10 9 4 5 7 11 12 8 3 1 2 0 14 13
7 13 6 4 5 9 8 10 11 1 3 12 2 0 13
8 12 6 9 4 5 7 10 11 3 12 1 2 0
9 16 10 11 12 6 5 4 8 7 3 1 0 2 14 13 40 39
10 16 9 12 11 6 5 4 7 3 8 1 2 0 39 40 14 13
11 14 12 10 9 6 40 39 5 7 8 4 3 1 0 2
12 14 11 10 9 6 39 40 7 5 4 8 3 1 2 0
13 18 14 15 16 17 18 19 0 2 3 1 21 20 5 4 6 9 10 7
14 17 13 15 16 17 18 19 0 2 3 21 20 1 5 4 6 9 10
15 18 16 13 14 19 18 17 20 21 2 0 22 24 23 3 1 25 26 4
16 18 15 13 14 19 18 17 20 21 2 0 3 1 22 24 23 25 26 4
17 15 18 19 15 21 16 20 13 14 23 24 22 25 26 2 0
18 15 17 19 21 20 15 16 13 14 22 23 24 25 26 2 0
19 15 18 17 21 20 15 16 13 14 22 23 24 25 26 2 0
20 17 21 19 18 17 25 23 24 22 15 16 26 27 14 13 28 29 30
21 17 20 18 19 17 23 25 24 22 15 16 26 27 28 13 14 29 30
22 22 23 24 25 26 21 20 28 27 19 18 17 30 29 32 35 31 15 34 33 16 36 37
23 22 24 25 22 26 28 27 21 20 30 29 19 18 17 31 35 32 34 33 36 37 15 16
24 22 23 25 22 26 27 28 21 20 30 29 19 18 31 17 32 35 34 33 36 37 15 16
25 22 23 24 22 27 26 28 21 20 29 30 19 18 17 31 34 32 35 33 36 37 15 16
26 21 22 23 24 25 20 21 28 27 19 18 30 29 17 15 35 16 32 31 34 33 36
27 18 28 30 29 25 24 23 32 31 22 33 34 35 36 37 21 26 20 38
28 18 27 30 29 25 23 24 22 31 32 35 33 34 36 26 37 21 20 38
29 18 30 27 28 31 33 32 34 35 36 37 25 24 23 38 22 26 21 20
30 18 29 27 28 31 32 33 34 35 36 37 24 23 25 38 22 26 21 20
31 17 32 34 35 36 33 37 30 29 38 27 28 24 23 25 22 41 26
32 17 31 34 35 36 33 37 30 29 38 27 28 23 24 25 22 41 26
33 17 31 32 35 34 36 29 30 37 38 27 28 24 23 25 22 41 26
34 17 31 32 35 36 37 33 30 29 38 27 28 23 24 25 22 41 26
35 17 31 34 32 36 33 37 30 29 38 27 28 23 24 25 22 41 26
36 18 37 31 32 34 35 33 38 30 29 27 28 24 23 25 22 41 26 43
37 16 36 32 31 34 35 38 33 30 29 27 28 24 23 25 22 41
38 19 36 37 31 32 34 35 33 29 30 41 28 27 43 42 50 46 45 47 39
39 16 40 12 11 42 43 45 49 44 48 46 41 47 50 10 9 38
40 15 39 11 12 42 43 45 49 44 48 46 47 41 50 10 9
41 19 42 43 45 46 50 44 47 48 49 38 40 39 36 32 37 35 31 33 34
42 12 43 41 45 46 44 40 49 47 39 48 50 38
43 13 42 48 41 44 49 45 46 47 39 40 50 38 36
44 11 43 42 45 46 48 41 49 47 39 50 40
45 12 42 43 49 48 46 44 41 47 50 39 40 38
46 12 43 42 48 45 49 47 44 41 50 40 39 38
47 12 43 42 46 45 48 44 41 49 50 40 39 38
48 11 49 43 46 45 44 42 47 41 39 40 50
49 11 48 43 45 42 46 44 47 39 41 40 50
50 12 41 43 42 45 46 44 47 49 48 39 40 38
